require "synthesis"
function gen_syn ()
local s = syn.new( 5 )
local spl = kin_object.new( "splitter" )
local ko = kin_object.new( "chain" )
local j = kin_joint.new( "revolute" )
j:setPlucker( { 7.925971447806029468e-01, 4.793900509654431819e-01, 3.767956277891047479e-01 }, { 1.509431518420474516e+00, -4.905521527989051833e-01, -2.550999054448785941e+00 } ) -- dot=3.331e-16
j:setPluckerBounds( { -1.000000000000000000e+00, -1.000000000000000000e+00, -1.000000000000000000e+00 }, { 1.000000000000000000e+00, 1.000000000000000000e+00, 1.000000000000000000e+00 },
                    { -8.490568481579526150e+00, -1.049055215279890518e+01, -1.255099905444878594e+01 }, { 1.150943151842047385e+01, 9.509447847201094817e+00, 7.449000945551214059e+00 } )
j:setPositions( { 3.1543271309149, -1.388040547292, 2.1830506312496, 0.75962776149363 } )
j:setPositionBounds( { 0.000000000000000000e+00, 0.000000000000000000e+00, 0.000000000000000000e+00, 0.000000000000000000e+00  },
                     { 6.283185307179586232e+00, 6.283185307179586232e+00, 6.283185307179586232e+00, 6.283185307179586232e+00  } )
j:setVelocities( { -1.6270955379076, -0.66457090322894, -1.9488592683219, -2.0753943661547 }, 4 )
j:setVelocityBounds( { -3.141592653589793116e+01, -3.141592653589793116e+01, -3.141592653589793116e+01, -3.141592653589793116e+01  },
                     { 3.141592653589793116e+01, 3.141592653589793116e+01, 3.141592653589793116e+01, 3.141592653589793116e+01  }, 4 )
ko:attach( j )
local j = kin_joint.new( "revolute" )
j:setPlucker( { 4.736040234419245376e-01, 5.972266239876165006e-01, 6.473172240717645076e-01 }, { 1.008797988829165160e+00, -3.811233155342005574e+00, 2.778234623408667670e+00 } ) -- dot=2.220e-16
j:setPluckerBounds( { -1.000000000000000000e+00, -1.000000000000000000e+00, -1.000000000000000000e+00 }, { 1.000000000000000000e+00, 1.000000000000000000e+00, 1.000000000000000000e+00 },
                    { -8.991202011170834396e+00, -1.381123315534200557e+01, -7.221765376591331886e+00 }, { 1.100879798882916560e+01, 6.188766844657994426e+00, 1.277823462340866811e+01 } )
j:setPositions( { 6.1830786568553, 4.6290420751236, 2.8337290682555, 5.4069867456971 } )
j:setPositionBounds( { 0.000000000000000000e+00, 0.000000000000000000e+00, 0.000000000000000000e+00, 0.000000000000000000e+00  },
                     { 6.283185307179586232e+00, 6.283185307179586232e+00, 6.283185307179586232e+00, 6.283185307179586232e+00  } )
j:setVelocities( { -2.3889977639709, 2.1199231859977, 1.3949107390189, -0.43739927444015 }, 4 )
j:setVelocityBounds( { -3.141592653589793116e+01, -3.141592653589793116e+01, -3.141592653589793116e+01, -3.141592653589793116e+01  },
                     { 3.141592653589793116e+01, 3.141592653589793116e+01, 3.141592653589793116e+01, 3.141592653589793116e+01  }, 4 )
ko:attach( j )
local j = kin_joint.new( "revolute" )
j:setPlucker( { 6.687295472786618511e-01, 5.937746403000015993e-01, 4.474734284100895243e-01 }, { -1.170089464382362943e+00, -1.263656250845583084e+00, 3.425455761801996069e+00 } ) -- dot=2.220e-16
j:setPluckerBounds( { -1.000000000000000000e+00, -1.000000000000000000e+00, -1.000000000000000000e+00 }, { 1.000000000000000000e+00, 1.000000000000000000e+00, 1.000000000000000000e+00 },
                    { -1.117008946438236272e+01, -1.126365625084558353e+01, -6.574544238198003931e+00 }, { 8.829910535617637279e+00, 8.736343749154416471e+00, 1.342545576180199518e+01 } )
j:setPositions( { 0.5622768326922, 4.5476131084956, 2.5787768679793, -1.0824803096505 } )
j:setPositionBounds( { 0.000000000000000000e+00, 0.000000000000000000e+00, 0.000000000000000000e+00, 0.000000000000000000e+00  },
                     { 6.283185307179586232e+00, 6.283185307179586232e+00, 6.283185307179586232e+00, 6.283185307179586232e+00  } )
j:setVelocities( { 2.9977721121792, -1.2866670369748, -0.91803015464314, -2.9118247445863 }, 4 )
j:setVelocityBounds( { -3.141592653589793116e+01, -3.141592653589793116e+01, -3.141592653589793116e+01, -3.141592653589793116e+01  },
                     { 3.141592653589793116e+01, 3.141592653589793116e+01, 3.141592653589793116e+01, 3.141592653589793116e+01  }, 4 )
ko:attach( j )
local ko1 = kin_object.new( "chain" )
local j = kin_joint.new( "revolute" )
j:setPlucker( { 1.532195871515258101e-01, 9.611795724138567643e-01, 2.294724116041656214e-01 }, { -3.668136844932590179e-01, -1.089297486999174724e+00, 4.807608576441682935e+00 } ) -- dot=2.220e-16
j:setPluckerBounds( { -1.000000000000000000e+00, -1.000000000000000000e+00, -1.000000000000000000e+00 }, { 1.000000000000000000e+00, 1.000000000000000000e+00, 1.000000000000000000e+00 },
                    { -1.036681368449325902e+01, -1.108929748699917539e+01, -5.192391423558317065e+00 }, { 9.633186315506740982e+00, 8.910702513000824609e+00, 1.480760857644168382e+01 } )
j:setPositions( { 3.6348407289754, 2.5893766735291, -0.83595040817598, 2.1777664380205 } )
j:setPositionBounds( { 0.000000000000000000e+00, 0.000000000000000000e+00, 0.000000000000000000e+00, 0.000000000000000000e+00  },
                     { 6.283185307179586232e+00, 6.283185307179586232e+00, 6.283185307179586232e+00, 6.283185307179586232e+00  } )
j:setVelocities( { -0.82183718322594, -0.22166110969798, -1.3222229756306, -2.6535714550344 }, 4 )
j:setVelocityBounds( { -3.141592653589793116e+01, -3.141592653589793116e+01, -3.141592653589793116e+01, -3.141592653589793116e+01  },
                     { 3.141592653589793116e+01, 3.141592653589793116e+01, 3.141592653589793116e+01, 3.141592653589793116e+01  }, 4 )
ko1:attach( j )
local j = kin_joint.new( "revolute" )
j:setPlucker( { 6.163936944189536415e-01, 6.990621589173083850e-01, 3.624512538955074747e-01 }, { 6.865935071924602617e-01, -2.661731554568009361e+00, 3.966061320197923123e+00 } ) -- dot=0.000e+00
j:setPluckerBounds( { -1.000000000000000000e+00, -1.000000000000000000e+00, -1.000000000000000000e+00 }, { 1.000000000000000000e+00, 1.000000000000000000e+00, 1.000000000000000000e+00 },
                    { -9.313406492807539294e+00, -1.266173155456800892e+01, -6.033938679802076877e+00 }, { 1.068659350719246071e+01, 7.338268445431991083e+00, 1.396606132019792312e+01 } )
j:setPositions( { -3.5282114608993, -0.88623964497055, -3.4456038006937, 1.2909097415186 } )
j:setPositionBounds( { 0.000000000000000000e+00, 0.000000000000000000e+00, 0.000000000000000000e+00, 0.000000000000000000e+00  },
                     { 6.283185307179586232e+00, 6.283185307179586232e+00, 6.283185307179586232e+00, 6.283185307179586232e+00  } )
j:setVelocities( { 2.1668070055136, 1.0371602391114, 2.9677284108114, -1.6528933345982 }, 4 )
j:setVelocityBounds( { -3.141592653589793116e+01, -3.141592653589793116e+01, -3.141592653589793116e+01, -3.141592653589793116e+01  },
                     { 3.141592653589793116e+01, 3.141592653589793116e+01, 3.141592653589793116e+01, 3.141592653589793116e+01  }, 4 )
ko1:attach( j )
local j = kin_joint.new( "revolute" )
j:setPlucker( { 8.929105770689411692e-01, 1.999233976508290322e-01, 4.034121173566291296e-01 }, { 3.800794948161088982e+00, -1.023482751474223740e+00, -7.905443897591646341e+00 } ) -- dot=-4.441e-16
j:setPluckerBounds( { -1.000000000000000000e+00, -1.000000000000000000e+00, -1.000000000000000000e+00 }, { 1.000000000000000000e+00, 1.000000000000000000e+00, 1.000000000000000000e+00 },
                    { -6.199205051838911018e+00, -1.102348275147422285e+01, -1.790544389759164545e+01 }, { 1.380079494816108898e+01, 8.976517248525777148e+00, 2.094556102408353659e+00 } )
j:setPositions( { 1.577007281919, 0.26533173863942, 4.1385361789671, -0.11942408857759 } )
j:setPositionBounds( { 0.000000000000000000e+00, 0.000000000000000000e+00, 0.000000000000000000e+00, 0.000000000000000000e+00  },
                     { 6.283185307179586232e+00, 6.283185307179586232e+00, 6.283185307179586232e+00, 6.283185307179586232e+00  } )
j:setVelocities( { -0.24290227205974, -2.9694872991623, -2.9185679440521, 2.3280350797933 }, 4 )
j:setVelocityBounds( { -3.141592653589793116e+01, -3.141592653589793116e+01, -3.141592653589793116e+01, -3.141592653589793116e+01  },
                     { 3.141592653589793116e+01, 3.141592653589793116e+01, 3.141592653589793116e+01, 3.141592653589793116e+01  }, 4 )
ko1:attach( j )
local tcp1 = kin_object.new( "tcp" )
tcp1:setFK( {
   -- Frame 1
   {
 { 2.660920613496979281e-01, -9.076586118446632323e-01, -3.245779709574985739e-01, -3.153266914979949576e+01 },
     { 9.425398277810432823e-01, 1.744202147242925327e-01, 2.849495775431368783e-01, 3.886222762595286540e+00 },
     { -2.020239786093448175e-01, -3.817504853169801926e-01, 9.019162261690938376e-01, 3.016575816356507289e+01 },
     { 0.0, 0.0, 0.0, 1.0 } },
   -- Frame 2
   {
 { 2.919798551389676811e-01, -8.984418774908274896e-01, -3.279481010217680792e-01, -3.142369528340516993e+01 },
     { 9.359597662030961773e-01, 1.978577099972638753e-01, 2.912587211461380443e-01, 4.512194392146618327e+00 },
     { -1.967919719959952962e-01, -3.919879071672939252e-01, 8.986759151065148998e-01, 3.027462827002139534e+01 },
     { 0.0, 0.0, 0.0, 1.0 } },
   -- Frame 3
   {
 { 3.149071221525885367e-01, -8.945176111036783340e-01, -3.172881148781704352e-01, -3.017660165707236786e+01 },
     { 9.388422971034753317e-01, 2.445063238131501837e-01, 2.424702018493169464e-01, 5.162046576109302620e+00 },
     { -1.393149151636117467e-01, -3.742390960879786177e-01, 9.168077515881987161e-01, 3.127511411922621321e+01 },
     { 0.0, 0.0, 0.0, 1.0 } },
   -- Frame 4
   {
 { 1.149529871905185519e-01, -9.526200646964629870e-01, -2.816040182129565528e-01, -2.644969513724229415e+01 },
     { 8.389225770504052937e-01, -5.871395175605037542e-02, 5.410744695365834467e-01, 7.564037526861449479e+00 },
     { -5.319724809152099887e-01, -2.984420952327183074e-01, 7.924251354809626058e-01, 3.385857227758975085e+01 },
     { 0.0, 0.0, 0.0, 1.0 } },
   -- Frame 5
   {
 { 3.827692973322477377e-02, -9.570315206654349538e-01, -2.874465952190134455e-01, -2.551896966413642431e+01 },
     { 7.547349561099196968e-01, -1.608403170013906203e-01, 6.360074987393232737e-01, 8.916769643206286844e+00 },
     { -6.549122251691106289e-01, -2.412904077656170543e-01, 7.161486692331047177e-01, 3.410152321739289505e+01 },
     { 0.0, 0.0, 0.0, 1.0 } }
   } )
tcp1:setVel( {
   -- Frame 1
   { 9.082020967056914085e-02, 6.340308040700417536e-01, -1.689958426695654936e-01, 3.426978669757162199e-02, -2.231890847614583784e-01, -4.010108212899791691e-01 },
   -- Frame 2
   { -5.281870469081514363e-01, 2.948292103986100976e-01, -1.017244024184425222e-01, -1.914978773242507204e-01, 3.371703573397135667e-01, 2.190211572747519098e-01 },
   -- Frame 3
   { 1.623262615545238985e-01, -2.507411119176305436e-01, 1.351711759835763638e-01, 1.199890745761374777e+00, 2.911882189896973783e-01, 3.784920347919509265e-01 },
   -- Frame 4
   { 8.117678170763664713e-01, -3.978739424188312279e-01, 2.023495037064302338e-01, 1.281978492128611702e+00, 5.089320794326668285e-01, 7.807554065687029032e-01 },
   }, 4 )
ko1:attach( tcp1 )
spl:attach( ko1 )
local ko2 = kin_object.new( "chain" )
local j = kin_joint.new( "revolute" )
j:setPlucker( { 2.753802059942524472e-01, 7.420640618619167572e-01, 6.111519207525707431e-01 }, { 2.130561020769520919e+00, -1.932215387202106616e+00, 1.386092781633285309e+00 } ) -- dot=0.000e+00
j:setPluckerBounds( { -1.000000000000000000e+00, -1.000000000000000000e+00, -1.000000000000000000e+00 }, { 1.000000000000000000e+00, 1.000000000000000000e+00, 1.000000000000000000e+00 },
                    { -7.869438979230478637e+00, -1.193221538720210617e+01, -8.613907218366714247e+00 }, { 1.213056102076952136e+01, 8.067784612797893828e+00, 1.138609278163328575e+01 } )
j:setPositions( { -3.2477369431102, 0.79644789543714, -3.3137721026236, 1.8097375488315 } )
j:setPositionBounds( { 0.000000000000000000e+00, 0.000000000000000000e+00, 0.000000000000000000e+00, 0.000000000000000000e+00  },
                     { 6.283185307179586232e+00, 6.283185307179586232e+00, 6.283185307179586232e+00, 6.283185307179586232e+00  } )
j:setVelocities( { 2.5349603436807, 1.5732851436075, -3.0118164227158, 1.618223666825 }, 4 )
j:setVelocityBounds( { -3.141592653589793116e+01, -3.141592653589793116e+01, -3.141592653589793116e+01, -3.141592653589793116e+01  },
                     { 3.141592653589793116e+01, 3.141592653589793116e+01, 3.141592653589793116e+01, 3.141592653589793116e+01  }, 4 )
ko2:attach( j )
local j = kin_joint.new( "revolute" )
j:setPlucker( { 7.582300894960721793e-01, 2.006291836832246045e-01, 6.203507572634868739e-01 }, { 4.397458021190774780e+00, -3.672832822423039545e+00, -4.186998254749924264e+00 } ) -- dot=0.000e+00
j:setPluckerBounds( { -1.000000000000000000e+00, -1.000000000000000000e+00, -1.000000000000000000e+00 }, { 1.000000000000000000e+00, 1.000000000000000000e+00, 1.000000000000000000e+00 },
                    { -5.602541978809225220e+00, -1.367283282242303954e+01, -1.418699825474992338e+01 }, { 1.439745802119077567e+01, 6.327167177576960455e+00, 5.813001745250075736e+00 } )
j:setPositions( { -1.0604818501898, -2.1275133777271, -0.63450922918113, -0.078370382356385 } )
j:setPositionBounds( { 0.000000000000000000e+00, 0.000000000000000000e+00, 0.000000000000000000e+00, 0.000000000000000000e+00  },
                     { 6.283185307179586232e+00, 6.283185307179586232e+00, 6.283185307179586232e+00, 6.283185307179586232e+00  } )
j:setVelocities( { 1.0595501271738, -0.053092032034316, -3.1148152781755, 2.5128731757935 }, 4 )
j:setVelocityBounds( { -3.141592653589793116e+01, -3.141592653589793116e+01, -3.141592653589793116e+01, -3.141592653589793116e+01  },
                     { 3.141592653589793116e+01, 3.141592653589793116e+01, 3.141592653589793116e+01, 3.141592653589793116e+01  }, 4 )
ko2:attach( j )
local j = kin_joint.new( "revolute" )
j:setPlucker( { 4.839925158216170642e-01, 8.722344138601686447e-01, 7.041570781203505824e-02 }, { -2.126008915148388745e+00, 8.555405995647510364e-01, 4.015303671471342817e+00 } ) -- dot=5.551e-17
j:setPluckerBounds( { -1.000000000000000000e+00, -1.000000000000000000e+00, -1.000000000000000000e+00 }, { 1.000000000000000000e+00, 1.000000000000000000e+00, 1.000000000000000000e+00 },
                    { -1.212600891514838963e+01, -9.144459400435248853e+00, -5.984696328528657183e+00 }, { 7.873991084851611255e+00, 1.085554059956475115e+01, 1.401530367147134370e+01 } )
j:setPositions( { -4.1016166177963, -2.7515572888805, -4.7695409674077, -5.922355711426 } )
j:setPositionBounds( { 0.000000000000000000e+00, 0.000000000000000000e+00, 0.000000000000000000e+00, 0.000000000000000000e+00  },
                     { 6.283185307179586232e+00, 6.283185307179586232e+00, 6.283185307179586232e+00, 6.283185307179586232e+00  } )
j:setVelocities( { -2.5998404562244, 2.0868131483555, 2.2706157485143, 0.45036442395655 }, 4 )
j:setVelocityBounds( { -3.141592653589793116e+01, -3.141592653589793116e+01, -3.141592653589793116e+01, -3.141592653589793116e+01  },
                     { 3.141592653589793116e+01, 3.141592653589793116e+01, 3.141592653589793116e+01, 3.141592653589793116e+01  }, 4 )
ko2:attach( j )
local tcp2 = kin_object.new( "tcp" )
tcp2:setFK( {
   -- Frame 1
   {
 { 8.411512152202199610e-02, 4.344629416199675132e-01, 8.967533655862458541e-01, -2.864438625527864701e+01 },
     { 9.858221755160283539e-01, 9.484125097526419079e-02, -1.384188403877561480e-01, 1.020145731784976384e+01 },
     { -1.451870675789674325e-01, 8.956824713437070429e-01, -4.203256189378047902e-01, 3.450709877575310713e+01 },
     { 0.0, 0.0, 0.0, 1.0 } },
   -- Frame 2
   {
 { 1.256443637284135328e-02, 4.500356922803177562e-01, 8.929221750031788307e-01, -2.829946459970594930e+01 },
     { 9.830647467484907587e-01, 1.577168045199393298e-01, -9.332263001193646934e-02, 1.094800135497207627e+01 },
     { -1.828273465293372424e-01, 8.789728580825428850e-01, -4.404326011040136102e-01, 3.460379551979536217e+01 },
     { 0.0, 0.0, 0.0, 1.0 } },
   -- Frame 3
   {
 { 8.253538716423325372e-02, 5.124296643885510871e-01, 8.547536188401232415e-01, -2.684332718250045247e+01 },
     { 9.797675344389855656e-01, 1.151923145252410907e-01, -1.636652349574245213e-01, 1.160796126610798495e+01 },
     { -1.823279691243260281e-01, 8.509680192163242562e-01, -4.925545065736828265e-01, 3.529201047033049576e+01 },
     { 0.0, 0.0, 0.0, 1.0 } },
   -- Frame 4
   {
 { -5.409625996783329338e-02, 5.369128774837190754e-01, 8.419015124405264672e-01, -2.402986829344268216e+01 },
     { 9.535873041137772343e-01, 2.778961789236144009e-01, -1.159524349579311719e-01, 1.527553044787933345e+01 },
     { -2.962175688417407193e-01, 7.965540005120856915e-01, -5.270264473227896929e-01, 3.540872769550539090e+01 },
     { 0.0, 0.0, 0.0, 1.0 } },
   -- Frame 5
   {
 { -4.428903042833079451e-02, 5.173916526229380697e-01, 8.546018719730397173e-01, -2.347873286534326809e+01 },
     { 9.350057659966266588e-01, 3.227553995897923800e-01, -1.469461451984881428e-01, 1.693809088375582306e+01 },
     { -3.518560775896589221e-01, 7.925495756302811667e-01, -4.980587021943110315e-01, 3.470992990405137846e+01 },
     { 0.0, 0.0, 0.0, 1.0 } }
   } )
tcp2:setVel( {
   -- Frame 1
   { 3.224784392372012087e-01, 8.159282137235450705e-01, -1.289021216928378233e-01, 1.498956536368779013e-01, -6.190957515828235946e-01, -6.452027246334784971e-01 },
   -- Frame 2
   { -3.454351697078708039e-01, 8.880787339028131111e-01, -1.364871408268352182e-01, 1.539451317458718216e-01, -2.958107771468849179e-01, 2.598089211616573246e-01 },
   -- Frame 3
   { 1.696037374523640395e-01, -1.647141354741413766e-01, 1.403745449107501875e-02, 1.032937143095278953e+00, -8.384820214812305217e-02, -2.231998742007534620e-01 },
   -- Frame 4
   { 6.448669904176936862e-01, -3.191311745093068641e-02, -9.318317203806676663e-02, 1.477799300643300562e+00, -2.579980013743152223e-01, -5.988509442133008731e-01 },
   }, 4 )
ko2:attach( tcp2 )
spl:attach( ko2 )
local ko3 = kin_object.new( "chain" )
local j = kin_joint.new( "revolute" )
j:setPlucker( { 6.558049085247107390e-01, 7.538527170192680371e-01, 4.032372747605759977e-02 }, { -5.139549650906554135e+00, 4.496077771368885756e+00, -4.671828817555052638e-01 } ) -- dot=-2.186e-16
j:setPluckerBounds( { -1.000000000000000000e+00, -1.000000000000000000e+00, -1.000000000000000000e+00 }, { 1.000000000000000000e+00, 1.000000000000000000e+00, 1.000000000000000000e+00 },
                    { -1.513954965090655413e+01, -5.503922228631114244e+00, -1.046718288175550526e+01 }, { 4.860450349093445865e+00, 1.449607777136888487e+01, 9.532817118244494736e+00 } )
j:setPositions( { -0.96113594359945, -1.5918941250135, 0.24751054959121, 1.5293485517705 } )
j:setPositionBounds( { 0.000000000000000000e+00, 0.000000000000000000e+00, 0.000000000000000000e+00, 0.000000000000000000e+00  },
                     { 6.283185307179586232e+00, 6.283185307179586232e+00, 6.283185307179586232e+00, 6.283185307179586232e+00  } )
j:setVelocities( { -2.7410870020514, -2.6956415382206, -1.3629668270251, -1.6360957229978 }, 4 )
j:setVelocityBounds( { -3.141592653589793116e+01, -3.141592653589793116e+01, -3.141592653589793116e+01, -3.141592653589793116e+01  },
                     { 3.141592653589793116e+01, 3.141592653589793116e+01, 3.141592653589793116e+01, 3.141592653589793116e+01  }, 4 )
ko3:attach( j )
local j = kin_joint.new( "revolute" )
j:setPlucker( { 7.421981096469784100e-01, 3.782383820455011980e-01, 5.532428873325471175e-01 }, { 1.842359472100700168e+00, -3.194602256822494546e+00, -2.875310866640750085e-01 } ) -- dot=0.000e+00
j:setPluckerBounds( { -1.000000000000000000e+00, -1.000000000000000000e+00, -1.000000000000000000e+00 }, { 1.000000000000000000e+00, 1.000000000000000000e+00, 1.000000000000000000e+00 },
                    { -8.157640527899300054e+00, -1.319460225682249543e+01, -1.028753108666407456e+01 }, { 1.184235947210069995e+01, 6.805397743177505454e+00, 9.712468913335925436e+00 } )
j:setPositions( { 0.22680816679191, -2.5944517353041, -1.9332112769966, -0.68028487654838 } )
j:setPositionBounds( { 0.000000000000000000e+00, 0.000000000000000000e+00, 0.000000000000000000e+00, 0.000000000000000000e+00  },
                     { 6.283185307179586232e+00, 6.283185307179586232e+00, 6.283185307179586232e+00, 6.283185307179586232e+00  } )
j:setVelocities( { -1.8540066751143, 1.9754413075996, -0.88279295950432, 2.4872829189021 }, 4 )
j:setVelocityBounds( { -3.141592653589793116e+01, -3.141592653589793116e+01, -3.141592653589793116e+01, -3.141592653589793116e+01  },
                     { 3.141592653589793116e+01, 3.141592653589793116e+01, 3.141592653589793116e+01, 3.141592653589793116e+01  }, 4 )
ko3:attach( j )
local j = kin_joint.new( "revolute" )
j:setPlucker( { 7.484845834203225634e-02, 1.007765209725143413e-01, 9.920896134445202907e-01 }, { 5.364201224703250226e+00, -6.681649495431117636e+00, 2.740187931793389153e-01 } ) -- dot=0.000e+00
j:setPluckerBounds( { -1.000000000000000000e+00, -1.000000000000000000e+00, -1.000000000000000000e+00 }, { 1.000000000000000000e+00, 1.000000000000000000e+00, 1.000000000000000000e+00 },
                    { -4.635798775296749774e+00, -1.668164949543111675e+01, -9.725981206820661029e+00 }, { 1.536420122470325111e+01, 3.318350504568882364e+00, 1.027401879317933897e+01 } )
j:setPositions( { -5.272291746827, -5.9795375116222, -4.0647988537801, -3.284111501465 } )
j:setPositionBounds( { 0.000000000000000000e+00, 0.000000000000000000e+00, 0.000000000000000000e+00, 0.000000000000000000e+00  },
                     { 6.283185307179586232e+00, 6.283185307179586232e+00, 6.283185307179586232e+00, 6.283185307179586232e+00  } )
j:setVelocities( { -2.7644270451662, 0.21077809344842, -1.8211992874273, -2.6084547176735 }, 4 )
j:setVelocityBounds( { -3.141592653589793116e+01, -3.141592653589793116e+01, -3.141592653589793116e+01, -3.141592653589793116e+01  },
                     { 3.141592653589793116e+01, 3.141592653589793116e+01, 3.141592653589793116e+01, 3.141592653589793116e+01  }, 4 )
ko3:attach( j )
local tcp3 = kin_object.new( "tcp" )
tcp3:setFK( {
   -- Frame 1
   {
 { 4.003332333116206843e-01, 4.154696774464224918e-01, 8.167730709498377539e-01, -3.096041943242009609e+01 },
     { 8.992721336441528157e-01, -6.746594317560777876e-03, -4.373375276788019073e-01, 1.403585537795744820e+01 },
     { -1.761900450007208851e-01, 9.095820087203130289e-01, -3.763211892186832386e-01, 3.053721985613324108e+01 },
     { 0.0, 0.0, 0.0, 1.0 } },
   -- Frame 2
   {
 { 3.510001788082138807e-01, 4.856111390764655256e-01, 8.006127004247807211e-01, -3.049498642723442998e+01 },
     { 9.106822361545827693e-01, 2.188027028186639855e-02, -4.125277184928080043e-01, 1.481012854618013641e+01 },
     { -2.178456775542971791e-01, 8.739010672709184302e-01, -4.345574592544225734e-01, 3.064250855344685220e+01 },
     { 0.0, 0.0, 0.0, 1.0 } },
   -- Frame 3
   {
 { 7.442159135337996778e-01, 2.247515780757562143e-01, 6.289907806919825539e-01, -2.972167379548411503e+01 },
     { 6.648951473149917746e-01, -1.594757529555065889e-01, -7.297135926486842950e-01, 1.524880439951469313e+01 },
     { -6.369550313819549725e-02, 9.612773857590387605e-01, -2.681206267862296655e-01, 3.091110699134571860e+01 },
     { 0.0, 0.0, 0.0, 1.0 } },
   -- Frame 4
   {
 { 9.585792988355125166e-01, -2.778798931366914249e-01, -6.251794010009259495e-02, -2.844935473950420501e+01 },
     { -5.743817931037047131e-02, 2.639220887481907168e-02, -9.980001537415803536e-01, 1.676343048967360616e+01 },
     { 2.789741626056569945e-01, 9.602532042649216670e-01, 9.338109949212587690e-03, 3.079365499888201896e+01 },
     { 0.0, 0.0, 0.0, 1.0 } },
   -- Frame 5
   {
 { 4.643721413177097079e-01, -5.904412393835224426e-01, -6.601042775223132653e-01, -2.836152668318230852e+01 },
     { -6.013170299791045226e-01, 3.370095251864430597e-01, -7.244600812955238611e-01, 1.739460219186115708e+01 },
     { 6.502125374253512335e-01, 7.333510228866243486e-01, -1.985445375879879293e-01, 3.042673126834446151e+01 },
     { 0.0, 0.0, 0.0, 1.0 } }
   } )
tcp3:setVel( {
   -- Frame 1
   { 1.207802909319799500e-02, 3.029901171082929889e-01, -6.668287171169258176e-01, -7.901143368068177519e-01, -2.349380528101643328e-01, -8.696163908319992641e-02 },
   -- Frame 2
   { -4.668853677278640979e-01, -7.679578106084683498e-01, -1.015056954336938794e-01, -7.101082705219174951e-01, -1.239787473019630104e-01, 4.877647351096827677e-01 },
   -- Frame 3
   { -7.583866935452735492e-01, 3.771521164388903502e-01, -5.623564455729834766e-01, 9.719488218035803317e-01, 5.611359082287762368e-01, -8.462704302361930830e-01 },
   -- Frame 4
   { 2.528766087834454779e-01, -7.938669737856660635e-01, 2.144771102663695084e-01, -4.588704354246166961e-01, 8.003467946563090629e-02, -5.699893877707921941e-02 },
   }, 4 )
ko3:attach( tcp3 )
spl:attach( ko3 )
ko:attach( spl )
s:addObject( ko )
s:finalize()
return s
end
