require "synthesis"

function saved_syn ()
   -- Create new synthesis object
   local s = syn.new( 3 )

   local ko1 = kin_object.new( "chain" )
   -- Joint 0
   local j = kin_joint.new( "revolute" )
   j:setPositions( { -1.278931127047487681e+00, -2.133954642238475685e+01  } )
   j:setPositionBounds( { 0.000000000000000000e+00, 0.000000000000000000e+00  },
                        { 6.283185307179586232e+00, 6.283185307179586232e+00  } )
   j:setVelocities( { 6.925046648049732134e+00, 3.646513537367888347e+01  }, 2 )
   j:setVelocityBounds( { -3.141592653589793116e+01, -3.141592653589793116e+01  },
                        { 3.141592653589793116e+01, 3.141592653589793116e+01  } )
   j:setPlucker( { 1.204467170124776526e-01, -3.539390113415535333e-01, -9.274803311183907883e-01 }, { 6.617291818108764767e-01, -2.577040784039953891e+01, 9.920270513235969645e+00 } )
   j:setPluckerBounds( { -1.000000000000000000e+00, -1.000000000000000000e+00, -1.000000000000000000e+00 }, { 1.000000000000000000e+00, 1.000000000000000000e+00, 1.000000000000000000e+00 },
                       { -1.000000000000000000e+01, -1.000000000000000000e+01, -1.000000000000000000e+01 }, { 1.000000000000000000e+01, 1.000000000000000000e+01, 1.000000000000000000e+01 } )
   ko1:attach( j )
   -- Joint 1
   local j = kin_joint.new( "revolute" )
   j:setPositions( { 5.058902249323529610e+00, -8.983321427283472715e+00  } )
   j:setPositionBounds( { 0.000000000000000000e+00, 0.000000000000000000e+00  },
                        { 6.283185307179586232e+00, 6.283185307179586232e+00  } )
   j:setVelocities( { -1.925377743721883306e+01, -1.732682794802977710e+01  }, 2 )
   j:setVelocityBounds( { -3.141592653589793116e+01, -3.141592653589793116e+01  },
                        { 3.141592653589793116e+01, 3.141592653589793116e+01  } )
   j:setPlucker( { -5.838129572769445996e-01, 3.565698200947813867e-01, 7.293972815366970286e-01 }, { -4.383726946114840040e+00, 7.563159864980325331e+00, -7.206047071681605409e+00 } )
   j:setPluckerBounds( { -1.000000000000000000e+00, -1.000000000000000000e+00, -1.000000000000000000e+00 }, { 1.000000000000000000e+00, 1.000000000000000000e+00, 1.000000000000000000e+00 },
                       { -1.000000000000000000e+01, -1.000000000000000000e+01, -1.000000000000000000e+01 }, { 1.000000000000000000e+01, 1.000000000000000000e+01, 1.000000000000000000e+01 } )
   ko1:attach( j )
   -- Joint 2
   local j = kin_joint.new( "revolute" )
   j:setPositions( { 7.792241514360823906e+00, -5.027540667493499704e+00  } )
   j:setPositionBounds( { 0.000000000000000000e+00, 0.000000000000000000e+00  },
                        { 6.283185307179586232e+00, 6.283185307179586232e+00  } )
   j:setVelocities( { 6.255599481528622441e+00, -6.934688306986872774e+00  }, 2 )
   j:setVelocityBounds( { -3.141592653589793116e+01, -3.141592653589793116e+01  },
                        { 3.141592653589793116e+01, 3.141592653589793116e+01  } )
   j:setPlucker( { 1.919827562260653653e-01, -4.177126044113262382e-01, -8.880646380910290905e-01 }, { 2.706161198773532117e+00, -2.370703779632154706e+01, 1.173593040357439499e+01 } )
   j:setPluckerBounds( { -1.000000000000000000e+00, -1.000000000000000000e+00, -1.000000000000000000e+00 }, { 1.000000000000000000e+00, 1.000000000000000000e+00, 1.000000000000000000e+00 },
                       { -1.000000000000000000e+01, -1.000000000000000000e+01, -1.000000000000000000e+01 }, { 1.000000000000000000e+01, 1.000000000000000000e+01, 1.000000000000000000e+01 } )
   ko1:attach( j )
   local ko2 = kin_object.new( "splitter" )
   local sp1 = kin_object.new( "chain" )
   -- Joint 0
   local j = kin_joint.new( "revolute" )
   j:setPositions( { 2.540377879316451093e-01, 7.196123186944285877e+00  } )
   j:setPositionBounds( { 0.000000000000000000e+00, 0.000000000000000000e+00  },
                        { 6.283185307179586232e+00, 6.283185307179586232e+00  } )
   j:setVelocities( { -6.583038439125048491e+00, -5.520743964550845817e+00  }, 2 )
   j:setVelocityBounds( { -3.141592653589793116e+01, -3.141592653589793116e+01  },
                        { 3.141592653589793116e+01, 3.141592653589793116e+01  } )
   j:setPlucker( { 7.239714916153606739e-01, -6.531495146704883181e-01, 2.219481714588689425e-01 }, { 2.147028735965164969e+01, 3.001713240335031330e+01, 1.830066663389177606e+01 } )
   j:setPluckerBounds( { -1.000000000000000000e+00, -1.000000000000000000e+00, -1.000000000000000000e+00 }, { 1.000000000000000000e+00, 1.000000000000000000e+00, 1.000000000000000000e+00 },
                       { -1.000000000000000000e+01, -1.000000000000000000e+01, -1.000000000000000000e+01 }, { 1.000000000000000000e+01, 1.000000000000000000e+01, 1.000000000000000000e+01 } )
   sp1:attach( j )
   -- Joint 1
   local j = kin_joint.new( "revolute" )
   j:setPositions( { 1.118769412724647871e+01, -1.775404393153331650e+00  } )
   j:setPositionBounds( { 0.000000000000000000e+00, 0.000000000000000000e+00  },
                        { 6.283185307179586232e+00, 6.283185307179586232e+00  } )
   j:setVelocities( { -2.990138020452446810e+01, -4.479260011078456216e+01  }, 2 )
   j:setVelocityBounds( { -3.141592653589793116e+01, -3.141592653589793116e+01  },
                        { 3.141592653589793116e+01, 3.141592653589793116e+01  } )
   j:setPlucker( { 2.894744179186132249e-01, -2.372337422023584608e-01, -9.273212565941453267e-01 }, { -1.202475116246980891e+00, -2.239266154237959583e+01, 5.353278678701731685e+00 } )
   j:setPluckerBounds( { -1.000000000000000000e+00, -1.000000000000000000e+00, -1.000000000000000000e+00 }, { 1.000000000000000000e+00, 1.000000000000000000e+00, 1.000000000000000000e+00 },
                       { -1.000000000000000000e+01, -1.000000000000000000e+01, -1.000000000000000000e+01 }, { 1.000000000000000000e+01, 1.000000000000000000e+01, 1.000000000000000000e+01 } )
   sp1:attach( j )
   local sp2 = kin_object.new( "tcp" )
   sp2:setFK( {
       -- Frame 0
       { { 2.577624612913437252e-01, -9.126583760584977556e-01, -3.171958419640688032e-01, -3.176285248279378948e+01 },
         { 9.322597625823131340e-01, 1.486640219763090132e-01, 3.298344185190456579e-01, 4.276474615075887442e+00 },
         { -2.538705351532508647e-01, -3.807278518575880066e-01, 8.891546851931381168e-01, 2.996590308419692761e+01 },
         { 0.000000000000000000e+00, 0.000000000000000000e+00, 0.000000000000000000e+00, 1.000000000000000000e+00 } },
       -- Frame 1
       { { 3.149071221525885367e-01, -8.945176111036786670e-01, -3.172881148781705463e-01, -3.017660165707248865e+01 },
         { 9.388422971034756648e-01, 2.445063238131501837e-01, 2.424702018493170574e-01, 5.162046576109313278e+00 },
         { -1.393149151636118022e-01, -3.742390960879787287e-01, 9.168077515881989381e-01, 3.127511411922632689e+01 },
         { 0.000000000000000000e+00, 0.000000000000000000e+00, 0.000000000000000000e+00, 1.000000000000000000e+00 } },
       -- Frame 2
       { { 7.008660822037010574e-02, -9.604673086122667014e-01, -2.694260871468707741e-01, -2.539213699805792857e+01 },
         { 7.908826177574234118e-01, -1.111020054962634229e-01, 6.017981632606348441e-01, 8.669342322919350252e+00 },
         { -6.079412408097758513e-01, -2.552624011910432644e-01, 7.518301365739825659e-01, 3.430617171105900098e+01 },
         { 0.000000000000000000e+00, 0.000000000000000000e+00, 0.000000000000000000e+00, 1.000000000000000000e+00 } }
             } )
   sp2:setVel( {
       -- Frame 0
       { -1.459456792015803583e-01, -5.360781881158487305e-01, 2.452179511820589131e-01, 5.304076601640718147e-01, -4.148564173546234191e-01, 3.128297084098163872e-01 },
       -- Frame 1
       { 1.623262615545238985e-01, -2.507411119176305436e-01, 1.351711759835763638e-01, 1.199890745761374777e+00, 2.911882189896973783e-01, 3.784920347919509265e-01 }
          }, 2 )
   sp1:attach( sp2 )
   ko2:attach( sp1 )
   local sp1 = kin_object.new( "chain" )
   -- Joint 0
   local j = kin_joint.new( "revolute" )
   j:setPositions( { 5.006459899407710523e+00, 5.244163463785582735e+00  } )
   j:setPositionBounds( { 0.000000000000000000e+00, 0.000000000000000000e+00  },
                        { 6.283185307179586232e+00, 6.283185307179586232e+00  } )
   j:setVelocities( { -3.653690411102333968e+01, -4.964874613938454928e+01  }, 2 )
   j:setVelocityBounds( { -3.141592653589793116e+01, -3.141592653589793116e+01  },
                        { 3.141592653589793116e+01, 3.141592653589793116e+01  } )
   j:setPlucker( { 4.246769296677525007e-01, -9.845003871291156672e-02, -8.999761637317942320e-01 }, { -4.865086587969312149e+00, -1.727940383112446554e+01, -4.054908044710045512e-01 } )
   j:setPluckerBounds( { -1.000000000000000000e+00, -1.000000000000000000e+00, -1.000000000000000000e+00 }, { 1.000000000000000000e+00, 1.000000000000000000e+00, 1.000000000000000000e+00 },
                       { -1.000000000000000000e+01, -1.000000000000000000e+01, -1.000000000000000000e+01 }, { 1.000000000000000000e+01, 1.000000000000000000e+01, 1.000000000000000000e+01 } )
   sp1:attach( j )
   -- Joint 1
   local j = kin_joint.new( "revolute" )
   j:setPositions( { -1.509766824775799210e-01, -8.400131923276349388e-01  } )
   j:setPositionBounds( { 0.000000000000000000e+00, 0.000000000000000000e+00  },
                        { 6.283185307179586232e+00, 6.283185307179586232e+00  } )
   j:setVelocities( { 1.042914111467939087e+01, 6.878793610983262141e+00  }, 2 )
   j:setVelocityBounds( { -3.141592653589793116e+01, -3.141592653589793116e+01  },
                        { 3.141592653589793116e+01, 3.141592653589793116e+01  } )
   j:setPlucker( { 2.388943962434978974e-01, 7.404213864417226176e-01, -6.282560289747899374e-01 }, { -2.712815673931595839e+01, -1.534565864380119926e+01, -2.840087106439617060e+01 } )
   j:setPluckerBounds( { -1.000000000000000000e+00, -1.000000000000000000e+00, -1.000000000000000000e+00 }, { 1.000000000000000000e+00, 1.000000000000000000e+00, 1.000000000000000000e+00 },
                       { -1.000000000000000000e+01, -1.000000000000000000e+01, -1.000000000000000000e+01 }, { 1.000000000000000000e+01, 1.000000000000000000e+01, 1.000000000000000000e+01 } )
   sp1:attach( j )
   local sp2 = kin_object.new( "tcp" )
   sp2:setFK( {
       -- Frame 0
       { { 1.184497494925605687e-02, 4.492104356904763063e-01, 8.933474581791926994e-01, -2.876675560818821253e+01 },
         { 9.840445330860962958e-01, 1.533793725883768611e-01, -9.017275069422719946e-02, 1.058468333088393543e+01 },
         { -1.775276132657082617e-01, 8.801617763406728301e-01, -4.402262986203945294e-01, 3.438258763671471741e+01 },
         { 0.000000000000000000e+00, 0.000000000000000000e+00, 0.000000000000000000e+00, 1.000000000000000000e+00 } },
       -- Frame 1
       { { 8.253538716423292065e-02, 5.124296643885515312e-01, 8.547536188401242407e-01, -2.684332718250045602e+01 },
         { 9.797675344389864538e-01, 1.151923145252416181e-01, -1.636652349574242993e-01, 1.160796126610798140e+01 },
         { -1.823279691243263612e-01, 8.509680192163251444e-01, -4.925545065736831596e-01, 3.529201047033048866e+01 },
         { 0.000000000000000000e+00, 0.000000000000000000e+00, 0.000000000000000000e+00, 1.000000000000000000e+00 } },
       -- Frame 2
       { { -4.925286915631747753e-02, 5.304111847934269708e-01, 8.463085311669173993e-01, -2.326215145931673689e+01 },
         { 9.438168131918340809e-01, 3.019441579109070628e-01, -1.343113868586172099e-01, 1.664198852593956701e+01 },
         { -3.267781786109387743e-01, 7.921449996998702892e-01, -5.154826102151373046e-01, 3.507098588180187448e+01 },
         { 0.000000000000000000e+00, 0.000000000000000000e+00, 0.000000000000000000e+00, 1.000000000000000000e+00 } }
             } )
   sp2:setVel( {
       -- Frame 0
       { 2.507542210959994855e-01, -6.103841249149321024e-01, 3.082978443793937817e-01, 7.462963514243897700e-01, -1.088525164177403859e+00, -5.240707359760888862e-01 },
       -- Frame 1
       { 1.696037374523640395e-01, -1.647141354741413766e-01, 1.403745449107501875e-02, 1.032937143095278953e+00, -8.384820214812305217e-02, -2.231998742007534620e-01 }
          }, 2 )
   sp1:attach( sp2 )
   ko2:attach( sp1 )
   local sp1 = kin_object.new( "chain" )
   -- Joint 0
   local j = kin_joint.new( "revolute" )
   j:setPositions( { 4.952242512298170141e+00, -7.609734002837017286e+00  } )
   j:setPositionBounds( { 0.000000000000000000e+00, 0.000000000000000000e+00  },
                        { 6.283185307179586232e+00, 6.283185307179586232e+00  } )
   j:setVelocities( { -1.678082354028393652e+01, -3.999573032481165313e+01  }, 2 )
   j:setVelocityBounds( { -3.141592653589793116e+01, -3.141592653589793116e+01  },
                        { 3.141592653589793116e+01, 3.141592653589793116e+01  } )
   j:setPlucker( { 4.642449246459544043e-01, -7.605708822811318992e-02, -8.824352493360252403e-01 }, { -4.481025690636890602e+00, -1.530286807776934843e+01, -1.038491886222542737e+00 } )
   j:setPluckerBounds( { -1.000000000000000000e+00, -1.000000000000000000e+00, -1.000000000000000000e+00 }, { 1.000000000000000000e+00, 1.000000000000000000e+00, 1.000000000000000000e+00 },
                       { -1.000000000000000000e+01, -1.000000000000000000e+01, -1.000000000000000000e+01 }, { 1.000000000000000000e+01, 1.000000000000000000e+01, 1.000000000000000000e+01 } )
   sp1:attach( j )
   -- Joint 1
   local j = kin_joint.new( "revolute" )
   j:setPositions( { -5.617267297405689197e-01, 1.052799030891299559e+01  } )
   j:setPositionBounds( { 0.000000000000000000e+00, 0.000000000000000000e+00  },
                        { 6.283185307179586232e+00, 6.283185307179586232e+00  } )
   j:setVelocities( { 1.690027530638738185e+01, 7.001000293266059771e+00  }, 2 )
   j:setVelocityBounds( { -3.141592653589793116e+01, -3.141592653589793116e+01  },
                        { 3.141592653589793116e+01, 3.141592653589793116e+01  } )
   j:setPlucker( { -3.090930218497236481e-01, 6.735162893436420495e-01, 6.714441985992414264e-01 }, { -1.071423501360873409e+01, 1.268658363482134632e+01, -1.765793201590182093e+01 } )
   j:setPluckerBounds( { -1.000000000000000000e+00, -1.000000000000000000e+00, -1.000000000000000000e+00 }, { 1.000000000000000000e+00, 1.000000000000000000e+00, 1.000000000000000000e+00 },
                       { -1.000000000000000000e+01, -1.000000000000000000e+01, -1.000000000000000000e+01 }, { 1.000000000000000000e+01, 1.000000000000000000e+01, 1.000000000000000000e+01 } )
   sp1:attach( j )
   local sp2 = kin_object.new( "tcp" )
   sp2:setFK( {
       -- Frame 0
       { { 2.762959923461601464e-01, 4.430603956527621179e-01, 8.528528656324423363e-01, -3.087718486730783596e+01 },
         { 9.323044115095440176e-01, 9.193322215298529998e-02, -3.497953215016072481e-01, 1.452643980929545009e+01 },
         { -2.333859655019847046e-01, 8.917655344700130549e-01, -3.876663805878950431e-01, 3.039805702212469996e+01 },
         { 0.000000000000000000e+00, 0.000000000000000000e+00, 0.000000000000000000e+00, 1.000000000000000000e+00 } },
       -- Frame 1
       { { 7.442159135337995668e-01, 2.247515780757559922e-01, 6.289907806919823319e-01, -2.972167379548395871e+01 },
         { 6.648951473149914415e-01, -1.594757529555065889e-01, -7.297135926486842950e-01, 1.524880439951450128e+01 },
         { -6.369550313819544174e-02, 9.612773857590385385e-01, -2.681206267862294990e-01, 3.091110699134555873e+01 },
         { 0.000000000000000000e+00, 0.000000000000000000e+00, 0.000000000000000000e+00, 1.000000000000000000e+00 } },
       -- Frame 2
       { { 8.633458689226504168e-01, -3.794961571022607005e-01, -3.325907054606465074e-01, -2.811917030796809058e+01 },
         { -2.809119072594636890e-01, 1.860811682467734263e-01, -9.415212685774904111e-01, 1.730834735027674043e+01 },
         { 4.191925702753386274e-01, 9.062871871369101440e-01, 5.404741860091935579e-02, 3.070019389129277698e+01 },
         { 0.000000000000000000e+00, 0.000000000000000000e+00, 0.000000000000000000e+00, 1.000000000000000000e+00 } }
             } )
   sp2:setVel( {
       -- Frame 0
       { 2.615017841011894606e-01, 7.295084171653802851e-01, 1.337078442684987156e-01, 3.624897716470071307e-02, -1.180921544438152893e+00, -1.399205859281197339e-01 },
       -- Frame 1
       { -7.583866935452735492e-01, 3.771521164388903502e-01, -5.623564455729834766e-01, 9.719488218035803317e-01, 5.611359082287762368e-01, -8.462704302361930830e-01 }
          }, 2 )
   sp1:attach( sp2 )
   ko2:attach( sp1 )
   ko1:attach( ko2 )
   s:addObject( ko1 )
   s:finalize()
   return s
end
